
Valores de r 

[1.   0.96 0.92 0.88 0.84 0.8 ]


Valores de lambda sin dividir por S

[15.  14.4 13.8 13.2 12.6 12. ]


Valores de A 

[[45.  60. ]
 [43.2 57.6]
 [41.4 55.2]
 [39.6 52.8]
 [37.8 50.4]
 [36.  48. ]]


valores de B un salto

[0.05410447 0.03910565 0.02656456 0.01675043 0.00967012 0.00503609]
[0.21611865 0.19002982 0.16323237 0.13609756 0.10919531 0.08333735]

Valores de B dos saltos

[0.10528165 0.07668205 0.05242344 0.03322029 0.01924674 0.01004682]
[0.25853013 0.22170423 0.18546073 0.1505683  0.1178095  0.08795375]
[0.38553003 0.34394831 0.29981993 0.25367258 0.206467   0.15972959]
