
Valores de r 

[1.   0.96 0.92 0.88 0.84 0.8 ]


Valores de lambda sin dividir por S

[15.  14.4 13.8 13.2 12.6 12. ]


Valores de A 

[[30.  45.  60.  90. ]
 [28.8 43.2 57.6 86.4]
 [27.6 41.4 55.2 82.8]
 [26.4 39.6 52.8 79.2]
 [25.2 37.8 50.4 75.6]
 [24.  36.  48.  72. ]]


valores de B un salto

[2.20944325e-04 9.52619548e-05 3.76591050e-05 1.35441958e-05
 4.39271497e-06 1.27180382e-06]
[0.05410447 0.03910565 0.02656456 0.01675043 0.00967012 0.00503609]
[0.21611865 0.19002982 0.16323237 0.13609756 0.10919531 0.08333735]
[0.4570451  0.43553179 0.41235051 0.38733129 0.36029419 0.33105779]

Valores de B dos saltos

[0.48642139 0.45760569 0.42796116 0.39759376 0.36648022 0.33442665]
[4.41839834e-04 1.90514835e-04 7.53167918e-05 2.70882082e-05
 8.78541065e-06 2.54360602e-06]
[0.10528165 0.07668205 0.05242344 0.03322029 0.01924674 0.01004682]
[0.70519998 0.68137564 0.65466808 0.62463706 0.59077647 0.55251632]
[0.38553003 0.34394831 0.29981993 0.25367258 0.206467   0.15972959]
[0.57438778 0.54279759 0.50827393 0.47071401 0.43014706 0.38680567]
